LoggerCode,Year,DayOfYear,Hour,Minute,SiteID,AverageVoltage,SensitID,PulseCountSum
101,2022,264,100,0,9702,12.76,3075,0
101,2022,264,200,0,9702,12.74,3075,0
101,2022,264,300,0,9702,12.72,3075,0
101,2022,264,400,0,9702,12.71,3075,0
101,2022,264,500,0,9702,12.54,3075,0
101,2022,264,600,0,9702,12.5,3075,0
101,2022,264,700,0,9702,12.6,3075,0
101,2022,264,800,0,9702,13.17,3075,0
101,2022,264,900,0,9702,13.63,3075,0
101,2022,264,1000,0,9702,13.62,3075,0
101,2022,264,1100,0,9702,13.62,3075,0
101,2022,264,1200,0,9702,13.61,3075,0
101,2022,264,1300,0,9702,13.59,3075,0
101,2022,264,1400,0,9702,13.6,3075,0
101,2022,264,1500,0,9702,13.59,3075,0
101,2022,264,1600,0,9702,13.52,3075,0
101,2022,264,1700,0,9702,13.41,3075,0
101,2022,264,1800,0,9702,12.84,3075,0
101,2022,264,1900,0,9702,12.81,3075,0
101,2022,264,2000,0,9702,12.8,3075,0
101,2022,264,2100,0,9702,12.79,3075,0
101,2022,264,2200,0,9702,12.75,3075,0
101,2022,264,2300,0,9702,12.73,3075,0
101,2022,265,000,0,9702,12.72,3075,0
101,2022,265,100,0,9702,12.72,3075,0
101,2022,265,200,0,9702,12.7,3075,0
101,2022,265,300,0,9702,12.68,3075,0
101,2022,265,400,0,9702,12.65,3075,0
101,2022,265,500,0,9702,12.51,3075,0
101,2022,265,600,0,9702,12.46,3075,0
101,2022,265,700,0,9702,12.57,3075,0
101,2022,265,800,0,9702,13.2,3075,0
101,2022,265,900,0,9702,13.61,3075,0
101,2022,265,1000,0,9702,13.68,3075,0
101,2022,265,1100,0,9702,13.67,3075,0
101,2022,265,1200,0,9702,13.65,3075,0
101,2022,265,1300,0,9702,13.65,3075,0
101,2022,265,1400,0,9702,13.64,3075,0
101,2022,265,1500,0,9702,13.64,3075,0
101,2022,265,1600,0,9702,13.55,3075,0
101,2022,265,1700,0,9702,13.42,3075,0
101,2022,265,1800,0,9702,12.95,3075,0
101,2022,265,1900,0,9702,12.9,3075,0
101,2022,265,2000,0,9702,12.87,3075,0
101,2022,265,2100,0,9702,12.85,3075,0
101,2022,265,2200,0,9702,12.82,3075,0
101,2022,265,2300,0,9702,12.79,3075,0
101,2022,266,000,0,9702,12.76,3075,0
101,2022,266,100,0,9702,12.74,3075,0
101,2022,266,200,0,9702,12.72,3075,0
101,2022,266,300,0,9702,12.69,3075,0
101,2022,266,400,0,9702,12.67,3075,0
101,2022,266,500,0,9702,12.48,3075,0
101,2022,266,600,0,9702,12.41,3075,0
101,2022,266,700,0,9702,12.55,3075,0
101,2022,266,800,0,9702,13.24,3075,0
101,2022,266,900,0,9702,13.62,3075,0
101,2022,266,1000,0,9702,13.67,3075,0
101,2022,266,1100,0,9702,13.67,3075,0
101,2022,266,1200,0,9702,13.65,3075,0
101,2022,266,1300,0,9702,13.64,3075,0
101,2022,266,1400,0,9702,13.64,3075,0
101,2022,266,1500,0,9702,13.64,3075,0
101,2022,266,1600,0,9702,13.55,3075,0
101,2022,266,1700,0,9702,13.41,3075,0
101,2022,266,1800,0,9702,12.94,3075,0
101,2022,266,1900,0,9702,12.9,3075,0
101,2022,266,2000,0,9702,12.87,3075,0
101,2022,266,2100,0,9702,12.84,3075,0
101,2022,266,2200,0,9702,12.82,3075,0
101,2022,266,2300,0,9702,12.78,3075,0
101,2022,267,000,0,9702,12.74,3075,0
101,2022,267,100,0,9702,12.69,3075,0
101,2022,267,200,0,9702,12.68,3075,0
101,2022,267,300,0,9702,12.66,3075,0
101,2022,267,400,0,9702,12.67,3075,0
101,2022,267,500,0,9702,12.48,3075,0
101,2022,267,600,0,9702,12.42,3075,0
101,2022,267,700,0,9702,12.44,3075,0
101,2022,267,800,0,9702,13.08,3075,0
101,2022,267,900,0,9702,13.59,3075,0
101,2022,267,1000,0,9702,13.68,3075,0
101,2022,267,1100,0,9702,13.66,3075,0
101,2022,267,1200,0,9702,13.65,3075,0
101,2022,267,1300,0,9702,13.65,3075,0
101,2022,267,1400,0,9702,13.64,3075,0
101,2022,267,1500,0,9702,13.64,3075,0
101,2022,267,1600,0,9702,13.39,3075,0
101,2022,267,1700,0,9702,13.03,3075,0
101,2022,267,1800,0,9702,12.9,3075,0
101,2022,267,1900,0,9702,12.87,3075,0
101,2022,267,2000,0,9702,12.85,3075,0
101,2022,267,2100,0,9702,12.83,3075,0
101,2022,267,2200,0,9702,12.8,3075,0
101,2022,267,2300,0,9702,12.78,3075,0
101,2022,268,000,0,9702,12.76,3075,0
101,2022,268,100,0,9702,12.73,3075,0
101,2022,268,200,0,9702,12.7,3075,0
101,2022,268,300,0,9702,12.66,3075,0
101,2022,268,400,0,9702,12.59,3075,0
101,2022,268,500,0,9702,12.47,3075,0
101,2022,268,600,0,9702,12.21,3075,0
101,2022,268,700,0,9702,12.59,3075,0
101,2022,268,800,0,9702,13.11,3075,0
101,2022,268,900,0,9702,13.47,3075,0
101,2022,268,1000,0,9702,13.69,3075,0
101,2022,268,1100,0,9702,13.65,3075,0
101,2022,268,1200,0,9702,13.66,3075,0
101,2022,268,1300,0,9702,13.62,3075,0
101,2022,268,1400,0,9702,13.1,3075,0
101,2022,268,1500,0,9702,12.68,3075,0
101,2022,268,1600,0,9702,12.55,3075,0
101,2022,268,1700,0,9702,12.97,3075,0
101,2022,268,1800,0,9702,12.69,3075,0
101,2022,268,1900,0,9702,12.67,3075,0
101,2022,268,2000,0,9702,12.68,3075,0
101,2022,268,2100,0,9702,12.69,3075,0
101,2022,268,2200,0,9702,12.69,3075,0
101,2022,268,2300,0,9702,12.68,3075,0
101,2022,269,000,0,9702,12.66,3075,0
101,2022,269,100,0,9702,12.63,3075,0
101,2022,269,200,0,9702,12.61,3075,0
101,2022,269,300,0,9702,12.58,3075,0
101,2022,269,400,0,9702,12.56,3075,0
101,2022,269,500,0,9702,12.49,3075,0
101,2022,269,600,0,9702,12.46,3075,0
101,2022,269,700,0,9702,12.51,3075,0
101,2022,269,800,0,9702,13.08,3075,0
101,2022,269,900,0,9702,13.26,3075,0
101,2022,269,1000,0,9702,13.38,3075,0
101,2022,269,1100,0,9702,13.55,3075,0
101,2022,269,1200,0,9702,13.19,3075,0
101,2022,269,1300,0,9702,13.41,3075,0
101,2022,269,1400,0,9702,13.23,3075,0
101,2022,269,1500,0,9702,13.26,3075,0
101,2022,269,1600,0,9702,12.9,3075,0
101,2022,269,1700,0,9702,12.84,3075,0
101,2022,269,1800,0,9702,12.79,3075,0
101,2022,269,1900,0,9702,12.77,3075,0
101,2022,269,2000,0,9702,12.75,3075,0
101,2022,269,2100,0,9702,12.72,3075,0
101,2022,269,2200,0,9702,12.7,3075,0
101,2022,269,2300,0,9702,12.68,3075,0
101,2022,270,000,0,9702,12.66,3075,0
101,2022,270,100,0,9702,12.64,3075,0
101,2022,270,200,0,9702,12.63,3075,0
101,2022,270,300,0,9702,12.61,3075,0
101,2022,270,400,0,9702,12.59,3075,0
101,2022,270,500,0,9702,12.52,3075,0
101,2022,270,600,0,9702,12.47,3075,0
101,2022,270,700,0,9702,12.57,3075,0
101,2022,270,800,0,9702,13.06,3075,0
101,2022,270,900,0,9702,13.36,3075,0
101,2022,270,1000,0,9702,13.57,3075,0
101,2022,270,1100,0,9702,13.63,3075,0
101,2022,270,1200,0,9702,13.57,3075,0
101,2022,270,1300,0,9702,13.04,3075,0
101,2022,270,1400,0,9702,12.59,3075,0
101,2022,270,1500,0,9702,12.52,3075,0
101,2022,270,1600,0,9702,12.63,3075,0
101,2022,270,1700,0,9702,12.42,3075,0
101,2022,270,1800,0,9702,12.55,3075,0
101,2022,270,1900,0,9702,12.47,3075,0
101,2022,270,2000,0,9702,12.47,3075,0
101,2022,270,2100,0,9702,12.42,3075,0
101,2022,270,2200,0,9702,12.43,3075,0
101,2022,270,2300,0,9702,12.44,3075,0
101,2022,271,000,0,9702,12.42,3075,0
101,2022,271,100,0,9702,12.39,3075,0
101,2022,271,200,0,9702,12.36,3075,0
101,2022,271,300,0,9702,12.34,3075,0
101,2022,271,400,0,9702,12.31,3075,0
101,2022,271,500,0,9702,11.41,3075,0
101,2022,271,600,0,9702,11.53,3075,0
101,2022,271,700,0,9702,12.39,3075,0
101,2022,271,800,0,9702,12.84,3075,0
101,2022,271,900,0,9702,13.48,3075,0
101,2022,271,1000,0,9702,13.44,3075,0
101,2022,271,1100,0,9702,13.44,3075,0
101,2022,271,1200,0,9702,13.43,3075,0
101,2022,271,1300,0,9702,13.35,3075,0
101,2022,271,1400,0,9702,13.57,3075,0
101,2022,271,1500,0,9702,13.56,3075,0
101,2022,271,1600,0,9702,13.39,3075,0
101,2022,271,1700,0,9702,13.23,3075,0
101,2022,271,1800,0,9702,12.83,3075,0
101,2022,271,1900,0,9702,12.82,3075,0
101,2022,271,2000,0,9702,12.81,3075,0
101,2022,271,2100,0,9702,12.79,3075,0
101,2022,271,2200,0,9702,12.78,3075,0
101,2022,271,2300,0,9702,12.73,3075,0
101,2022,272,000,0,9702,12.63,3075,0
101,2022,272,100,0,9702,12.7,3075,0
101,2022,272,200,0,9702,12.68,3075,0
101,2022,272,300,0,9702,12.66,3075,0
101,2022,272,400,0,9702,12.64,3075,0
101,2022,272,500,0,9702,12.54,3075,0
101,2022,272,600,0,9702,12.51,3075,0
101,2022,272,700,0,9702,12.61,3075,0
101,2022,272,800,0,9702,13.11,3075,0
101,2022,272,900,0,9702,13.63,3075,0
101,2022,272,1000,0,9702,13.71,3075,0
101,2022,272,1100,0,9702,13.73,3075,0
101,2022,272,1200,0,9702,13.6,3075,0
101,2022,272,1300,0,9702,13.68,3075,0
101,2022,272,1400,0,9702,13.73,3075,0
101,2022,272,1500,0,9702,13.64,3075,0
101,2022,272,1600,0,9702,13.33,3075,0
101,2022,272,1700,0,9702,13.19,3075,0
101,2022,272,1800,0,9702,12.74,3075,0
101,2022,272,1900,0,9702,12.7,3075,0
101,2022,272,2000,0,9702,12.67,3075,0
101,2022,272,2100,0,9702,12.65,3075,0
101,2022,272,2200,0,9702,12.62,3075,0
101,2022,272,2300,0,9702,12.57,3075,0
101,2022,273,000,0,9702,12.52,3075,0
101,2022,273,100,0,9702,12.4,3075,0
101,2022,273,200,0,9702,12.4,3075,0
101,2022,273,300,0,9702,12.34,3075,0
101,2022,273,400,0,9702,12.18,3075,0
101,2022,273,500,0,9702,12.27,3075,0
101,2022,273,600,0,9702,12.46,3075,0
101,2022,273,700,0,9702,12.56,3075,0
101,2022,273,800,0,9702,13.15,3075,0
101,2022,273,900,0,9702,13.57,3075,0
101,2022,273,1000,0,9702,13.65,3075,0
101,2022,273,1100,0,9702,13.66,3075,0
101,2022,273,1200,0,9702,13.66,3075,0
101,2022,273,1300,0,9702,13.58,3075,0
101,2022,273,1400,0,9702,13.59,3075,0
101,2022,273,1500,0,9702,13.55,3075,0
101,2022,273,1600,0,9702,13.44,3075,0
101,2022,273,1700,0,9702,13.21,3075,0
101,2022,273,1800,0,9702,12.86,3075,0
101,2022,273,1900,0,9702,12.82,3075,0
101,2022,273,2000,0,9702,12.79,3075,0
101,2022,273,2100,0,9702,12.77,3075,0
101,2022,273,2200,0,9702,12.72,3075,0
101,2022,273,2300,0,9702,12.69,3075,0
101,2022,274,000,0,9702,12.68,3075,0
101,2022,274,100,0,9702,12.4,3075,0
101,2022,274,200,0,9702,12.21,3075,0
101,2022,274,300,0,9702,12.13,3075,0
101,2022,274,400,0,9702,12.17,3075,0
101,2022,274,500,0,9702,11.9,3075,0
101,2022,274,600,0,9702,12.48,3075,0
101,2022,274,700,0,9702,12.58,3075,0
101,2022,274,800,0,9702,13.17,3075,0
101,2022,274,900,0,9702,13.57,3075,0
101,2022,274,1000,0,9702,13.67,3075,0
101,2022,274,1100,0,9702,13.66,3075,0
101,2022,274,1200,0,9702,13.65,3075,0
101,2022,274,1300,0,9702,13.65,3075,0
101,2022,274,1400,0,9702,13.65,3075,0
101,2022,274,1500,0,9702,13.64,3075,0
101,2022,274,1600,0,9702,13.5,3075,0
101,2022,274,1700,0,9702,13.31,3075,0
101,2022,274,1800,0,9702,12.9,3075,0
101,2022,274,1900,0,9702,12.86,3075,0
101,2022,274,2000,0,9702,12.84,3075,0
101,2022,274,2100,0,9702,12.82,3075,0
101,2022,274,2200,0,9702,12.8,3075,0
101,2022,274,2300,0,9702,12.78,3075,0
101,2022,275,000,0,9702,12.75,3075,0
101,2022,275,100,0,9702,12.73,3075,0
101,2022,275,200,0,9702,12.7,3075,0
101,2022,275,300,0,9702,12.67,3075,0
101,2022,275,400,0,9702,12.64,3075,0
101,2022,275,500,0,9702,12.5,3075,0
101,2022,275,600,0,9702,12.44,3075,0
101,2022,275,700,0,9702,12.55,3075,0
101,2022,275,800,0,9702,13.18,3075,0
101,2022,275,900,0,9702,13.57,3075,0
101,2022,275,1000,0,9702,13.67,3075,0
101,2022,275,1100,0,9702,13.66,3075,0
101,2022,275,1200,0,9702,13.65,3075,0
101,2022,275,1300,0,9702,13.65,3075,0
101,2022,275,1400,0,9702,13.65,3075,0
101,2022,275,1500,0,9702,13.63,3075,0
101,2022,275,1600,0,9702,13.5,3075,0
101,2022,275,1700,0,9702,13.19,3075,0
101,2022,275,1800,0,9702,12.62,3075,0
101,2022,275,1900,0,9702,12.32,3075,0
101,2022,275,2000,0,9702,12.29,3075,0
101,2022,275,2100,0,9702,12.26,3075,0
101,2022,275,2200,0,9702,12.25,3075,0
101,2022,275,2300,0,9702,12.22,3075,0
101,2022,276,000,0,9702,12.13,3075,0
101,2022,276,100,0,9702,12.01,3075,0
101,2022,276,200,0,9702,12.05,3075,0
101,2022,276,300,0,9702,11.99,3075,0
101,2022,276,400,0,9702,12.08,3075,0
101,2022,276,500,0,9702,12.51,3075,0
101,2022,276,600,0,9702,12.46,3075,0
101,2022,276,700,0,9702,12.55,3075,0
101,2022,276,800,0,9702,13.25,3075,0
101,2022,276,900,0,9702,13.66,3075,0
101,2022,276,1000,0,9702,13.65,3075,0
101,2022,276,1100,0,9702,13.68,3075,0
101,2022,276,1200,0,9702,13.67,3075,0
101,2022,276,1300,0,9702,13.66,3075,0
101,2022,276,1400,0,9702,13.66,3075,0
101,2022,276,1500,0,9702,13.66,3075,0
101,2022,276,1600,0,9702,13.48,3075,0
101,2022,276,1700,0,9702,13.25,3075,0
101,2022,276,1800,0,9702,12.89,3075,0
101,2022,276,1900,0,9702,12.85,3075,0
101,2022,276,2000,0,9702,12.83,3075,0
101,2022,276,2100,0,9702,12.8,3075,0
101,2022,276,2200,0,9702,12.78,3075,0
101,2022,276,2300,0,9702,12.75,3075,0
101,2022,277,000,0,9702,12.73,3075,0
101,2022,277,100,0,9702,12.71,3075,0
101,2022,277,200,0,9702,12.68,3075,0
101,2022,277,300,0,9702,12.62,3075,0
101,2022,277,400,0,9702,12.56,3075,0
101,2022,277,500,0,9702,12.53,3075,0
101,2022,277,600,0,9702,12.47,3075,0
101,2022,277,700,0,9702,12.57,3075,0
101,2022,277,800,0,9702,13.18,3075,0
101,2022,277,900,0,9702,13.52,3075,0
101,2022,277,1000,0,9702,13.68,3075,0
101,2022,277,1100,0,9702,13.67,3075,0
101,2022,277,1200,0,9702,13.68,3075,0
101,2022,277,1300,0,9702,13.67,3075,0
101,2022,277,1400,0,9702,13.67,3075,0
101,2022,277,1500,0,9702,13.67,3075,0
101,2022,277,1600,0,9702,13.52,3075,0
101,2022,277,1700,0,9702,13.15,3075,0
101,2022,277,1800,0,9702,12.22,3075,0
101,2022,277,1900,0,9702,12.15,3075,0
101,2022,277,2000,0,9702,12.14,3075,0
101,2022,277,2100,0,9702,12.13,3075,0
101,2022,277,2200,0,9702,12.67,3075,0
101,2022,277,2300,0,9702,12.64,3075,0
101,2022,278,000,0,9702,12.61,3075,0
101,2022,278,100,0,9702,12.6,3075,0
101,2022,278,200,0,9702,12.71,3075,0
101,2022,278,300,0,9702,12.69,3075,0
101,2022,278,400,0,9702,12.67,3075,0
101,2022,278,500,0,9702,12.53,3075,0
101,2022,278,600,0,9702,12.49,3075,0
101,2022,278,700,0,9702,12.57,3075,0
101,2022,278,800,0,9702,13.2,3075,0
101,2022,278,900,0,9702,13.56,3075,0
101,2022,278,1000,0,9702,13.68,3075,0
101,2022,278,1100,0,9702,13.66,3075,0
101,2022,278,1200,0,9702,13.68,3075,0
101,2022,278,1300,0,9702,13.72,3075,0
101,2022,278,1400,0,9702,13.68,3075,0
101,2022,278,1500,0,9702,13.71,3075,0
101,2022,278,1600,0,9702,13.5,3075,0
101,2022,278,1700,0,9702,13.01,3075,0
101,2022,278,1800,0,9702,12.02,3075,0
101,2022,278,1900,0,9702,12.56,3075,0
101,2022,278,2000,0,9702,12.75,3075,0
101,2022,278,2100,0,9702,12.73,3075,0
101,2022,278,2200,0,9702,12.72,3075,0
101,2022,278,2300,0,9702,12.7,3075,0
101,2022,279,000,0,9702,12.69,3075,0
101,2022,279,100,0,9702,12.66,3075,0
101,2022,279,200,0,9702,12.62,3075,0
101,2022,279,300,0,9702,12.64,3075,0
101,2022,279,400,0,9702,12.62,3075,0
101,2022,279,500,0,9702,12.51,3075,0
101,2022,279,600,0,9702,12.46,3075,0
101,2022,279,700,0,9702,12.55,3075,0
101,2022,279,800,0,9702,13.17,3075,0
101,2022,279,900,0,9702,13.51,3075,0
101,2022,279,1000,0,9702,13.66,3075,0
101,2022,279,1100,0,9702,13.68,3075,0
101,2022,279,1200,0,9702,13.69,3075,0
101,2022,279,1300,0,9702,13.72,3075,0
101,2022,279,1400,0,9702,13.66,3075,0
101,2022,279,1500,0,9702,13.65,3075,0
101,2022,279,1600,0,9702,13.52,3075,0
101,2022,279,1700,0,9702,13.02,3075,0
101,2022,279,1800,0,9702,12.08,3075,0
101,2022,279,1900,0,9702,12.23,3075,0
101,2022,279,2000,0,9702,12.36,3075,0
101,2022,279,2100,0,9702,12.36,3075,0
101,2022,279,2200,0,9702,12.42,3075,0
101,2022,279,2300,0,9702,12.44,3075,0
101,2022,280,000,0,9702,12.43,3075,0
101,2022,280,100,0,9702,12.37,3075,0
101,2022,280,200,0,9702,12.07,3075,0
101,2022,280,300,0,9702,11.94,3075,0
101,2022,280,400,0,9702,11.65,3075,0
101,2022,280,500,0,9702,11.55,3075,0
101,2022,280,600,0,9702,12.42,3075,0
101,2022,280,700,0,9702,12.55,3075,0
101,2022,280,800,0,9702,13.22,3075,0
101,2022,280,900,0,9702,13.61,3075,0
101,2022,280,1000,0,9702,13.67,3075,0
101,2022,280,1100,0,9702,13.67,3075,0
101,2022,280,1200,0,9702,13.68,3075,0
101,2022,280,1300,0,9702,13.71,3075,0
101,2022,280,1400,0,9702,13.66,3075,0
101,2022,280,1500,0,9702,13.65,3075,0
101,2022,280,1600,0,9702,13.48,3075,0
101,2022,280,1700,0,9702,13.13,3075,0
101,2022,280,1800,0,9702,12.82,3075,0
101,2022,280,1900,0,9702,12.78,3075,0
101,2022,280,2000,0,9702,12.75,3075,0
101,2022,280,2100,0,9702,12.74,3075,0
101,2022,280,2200,0,9702,12.73,3075,0
101,2022,280,2300,0,9702,12.71,3075,0
101,2022,281,000,0,9702,12.69,3075,0
101,2022,281,100,0,9702,12.67,3075,0
101,2022,281,200,0,9702,12.63,3075,0
101,2022,281,300,0,9702,12.59,3075,0
101,2022,281,400,0,9702,12.57,3075,0
101,2022,281,500,0,9702,12.51,3075,0
101,2022,281,600,0,9702,12.45,3075,0
101,2022,281,700,0,9702,12.55,3075,0
101,2022,281,800,0,9702,13.18,3075,0
101,2022,281,900,0,9702,13.55,3075,0
101,2022,281,1000,0,9702,13.68,3075,0
101,2022,281,1100,0,9702,13.67,3075,0
101,2022,281,1200,0,9702,13.68,3075,0
101,2022,281,1300,0,9702,13.65,3075,0
101,2022,281,1400,0,9702,13.67,3075,0
101,2022,281,1500,0,9702,13.63,3075,0
101,2022,281,1600,0,9702,13.44,3075,0
101,2022,281,1700,0,9702,12.9,3075,0
101,2022,281,1800,0,9702,12.02,3075,0
101,2022,281,1900,0,9702,11.97,3075,0
101,2022,281,2000,0,9702,11.93,3075,0
101,2022,281,2100,0,9702,11.89,3075,0
101,2022,281,2200,0,9702,11.85,3075,0
101,2022,281,2300,0,9702,11.81,3075,0
101,2022,282,000,0,9702,12.24,3075,0
101,2022,282,100,0,9702,11.76,3075,0
101,2022,282,200,0,9702,12.13,3075,0
101,2022,282,300,0,9702,12.07,3075,0
101,2022,282,400,0,9702,11.65,3075,0
101,2022,282,500,0,9702,11.62,3075,0
101,2022,282,600,0,9702,11.64,3075,0
101,2022,282,700,0,9702,12.36,3075,0
101,2022,282,800,0,9702,13.04,3075,0
101,2022,282,900,0,9702,13.22,3075,0
101,2022,282,1000,0,9702,13.58,3075,0
101,2022,282,1100,0,9702,13.69,3075,0
101,2022,282,1200,0,9702,13.62,3075,0
101,2022,282,1300,0,9702,13.64,3075,0
101,2022,282,1400,0,9702,13.6,3075,0
101,2022,282,1500,0,9702,13.59,3075,0
101,2022,282,1600,0,9702,13.41,3075,0
101,2022,282,1700,0,9702,13,3075,0
101,2022,282,1800,0,9702,12.85,3075,0
101,2022,282,1900,0,9702,12.82,3075,0
101,2022,282,2000,0,9702,12.8,3075,0
101,2022,282,2100,0,9702,12.77,3075,0
101,2022,282,2200,0,9702,12.74,3075,0
101,2022,282,2300,0,9702,12.72,3075,0
101,2022,283,000,0,9702,12.69,3075,0
101,2022,283,100,0,9702,12.67,3075,0
101,2022,283,200,0,9702,12.64,3075,0
101,2022,283,300,0,9702,12.62,3075,0
101,2022,283,400,0,9702,12.59,3075,0
101,2022,283,500,0,9702,12.45,3075,0
101,2022,283,600,0,9702,12.42,3075,0
101,2022,283,700,0,9702,12.46,3075,0
101,2022,283,800,0,9702,13.17,3075,0
101,2022,283,900,0,9702,13.45,3075,0
101,2022,283,1000,0,9702,13.65,3075,0
101,2022,283,1100,0,9702,13.7,3075,0
101,2022,283,1200,0,9702,13.68,3075,0
101,2022,283,1300,0,9702,13.65,3075,0
101,2022,283,1400,0,9702,13.67,3075,0
101,2022,283,1500,0,9702,13.38,3075,10
101,2022,283,1600,0,9702,12.78,3075,0
101,2022,283,1700,0,9702,12.72,3075,51
101,2022,283,1800,0,9702,12.37,3075,0
101,2022,283,1900,0,9702,12.33,3075,0
101,2022,283,2000,0,9702,12.3,3075,0
101,2022,283,2100,0,9702,12.26,3075,0
101,2022,283,2200,0,9702,12.23,3075,0
101,2022,283,2300,0,9702,12.21,3075,0
101,2022,284,000,0,9702,12.18,3075,0
101,2022,284,100,0,9702,12.15,3075,0
101,2022,284,200,0,9702,12.12,3075,0
101,2022,284,300,0,9702,12.09,3075,0
101,2022,284,400,0,9702,12.06,3075,0
101,2022,284,500,0,9702,12.49,3075,0
101,2022,284,600,0,9702,12.44,3075,0
101,2022,284,700,0,9702,12.51,3075,0
101,2022,284,800,0,9702,13.12,3075,0
101,2022,284,1000,0,9702,14.05,3075,0
101,2022,284,1100,0,9702,14.05,3075,0
101,2022,284,1200,0,9702,13.51,3075,0
101,2022,284,1300,0,9702,13.36,3075,0
101,2022,284,1400,0,9702,13.36,3075,0
101,2022,284,1500,0,9702,13.36,3075,0
101,2022,284,1600,0,9702,13.36,3075,0
101,2022,284,1700,0,9702,13.38,3075,0
101,2022,284,1800,0,9702,13.26,3075,0
101,2022,284,1900,0,9702,13.19,3075,0
101,2022,284,2000,0,9702,13.17,3075,0
101,2022,284,2100,0,9702,13.16,3075,0
101,2022,284,2200,0,9702,13.16,3075,0
101,2022,284,2300,0,9702,13.15,3075,0
101,2022,285,000,0,9702,13.15,3075,0
101,2022,285,100,0,9702,13.15,3075,0
101,2022,285,200,0,9702,13.14,3075,0
101,2022,285,300,0,9702,13.14,3075,0
101,2022,285,400,0,9702,13.14,3075,0
101,2022,285,500,0,9702,13.08,3075,0
101,2022,285,600,0,9702,13.08,3075,0
101,2022,285,700,0,9702,13.12,3075,0
101,2022,285,800,0,9702,13.29,3075,0
101,2022,285,900,0,9702,13.61,3075,0
101,2022,285,1000,0,9702,14.05,3075,0
101,2022,285,1100,0,9702,14,3075,0
101,2022,285,1200,0,9702,13.41,3075,0
101,2022,285,1300,0,9702,13.36,3075,0
101,2022,285,1400,0,9702,13.36,3075,0
101,2022,285,1500,0,9702,13.36,3075,0
101,2022,285,1600,0,9702,13.36,3075,0
101,2022,285,1700,0,9702,13.37,3075,0
101,2022,285,1800,0,9702,13.25,3075,0
101,2022,285,1900,0,9702,13.19,3075,0
101,2022,285,2000,0,9702,13.17,3075,0
101,2022,285,2100,0,9702,13.16,3075,0
101,2022,285,2200,0,9702,13.15,3075,0
101,2022,285,2300,0,9702,13.15,3075,0
101,2022,286,000,0,9702,13.15,3075,0
101,2022,286,100,0,9702,13.15,3075,0
101,2022,286,200,0,9702,13.14,3075,0
101,2022,286,300,0,9702,13.14,3075,0
101,2022,286,400,0,9702,13.14,3075,0
101,2022,286,500,0,9702,13.08,3075,0
101,2022,286,600,0,9702,13.07,3075,0
101,2022,286,700,0,9702,13.11,3075,0
101,2022,286,800,0,9702,13.3,3075,0
101,2022,286,900,0,9702,13.59,3075,0
101,2022,286,1000,0,9702,14.05,3075,0
101,2022,286,1100,0,9702,14.02,3075,0
101,2022,286,1200,0,9702,13.42,3075,0
101,2022,286,1300,0,9702,13.36,3075,0
101,2022,286,1400,0,9702,13.36,3075,0
101,2022,286,1500,0,9702,13.36,3075,0
101,2022,286,1600,0,9702,13.36,3075,0
101,2022,286,1700,0,9702,13.37,3075,0
101,2022,286,1800,0,9702,13.26,3075,0
101,2022,286,1900,0,9702,13.19,3075,0
101,2022,286,2000,0,9702,13.17,3075,0
101,2022,286,2100,0,9702,13.16,3075,0
101,2022,286,2200,0,9702,13.16,3075,0
101,2022,286,2300,0,9702,13.15,3075,0
101,2022,287,000,0,9702,13.15,3075,0
101,2022,287,100,0,9702,13.15,3075,0
101,2022,287,200,0,9702,13.14,3075,0
101,2022,287,300,0,9702,13.14,3075,0
101,2022,287,400,0,9702,13.14,3075,0
101,2022,287,500,0,9702,13.08,3075,0
101,2022,287,600,0,9702,13.08,3075,0
101,2022,287,700,0,9702,13.12,3075,0
101,2022,287,800,0,9702,13.3,3075,0
101,2022,287,900,0,9702,13.64,3075,0
101,2022,287,1000,0,9702,14.05,3075,0
101,2022,287,1100,0,9702,13.97,3075,0
101,2022,287,1200,0,9702,13.39,3075,0
101,2022,287,1300,0,9702,13.36,3075,0
101,2022,287,1400,0,9702,13.36,3075,0
101,2022,287,1500,0,9702,13.36,3075,0
101,2022,287,1600,0,9702,13.36,3075,0
101,2022,287,1700,0,9702,13.36,3075,0
101,2022,287,1800,0,9702,13.24,3075,0
101,2022,287,1900,0,9702,13.18,3075,0
101,2022,287,2000,0,9702,13.16,3075,0
101,2022,287,2100,0,9702,13.16,3075,0
101,2022,287,2200,0,9702,13.15,3075,0
101,2022,287,2300,0,9702,13.15,3075,0
101,2022,288,000,0,9702,13.15,3075,0
101,2022,288,100,0,9702,13.14,3075,0
101,2022,288,200,0,9702,13.14,3075,0
101,2022,288,300,0,9702,13.14,3075,0
101,2022,288,400,0,9702,13.14,3075,0
101,2022,288,500,0,9702,13.08,3075,0
101,2022,288,600,0,9702,13.07,3075,0
101,2022,288,700,0,9702,13.11,3075,0
101,2022,288,800,0,9702,13.31,3075,0
101,2022,288,900,0,9702,13.62,3075,0
101,2022,288,1000,0,9702,14.05,3075,0
101,2022,288,1100,0,9702,13.99,3075,0
101,2022,288,1200,0,9702,13.4,3075,0
101,2022,288,1300,0,9702,13.36,3075,0
101,2022,288,1400,0,9702,13.36,3075,0
101,2022,288,1500,0,9702,13.36,3075,0
101,2022,288,1600,0,9702,13.36,3075,0
101,2022,288,1700,0,9702,13.37,3075,0
101,2022,288,1800,0,9702,13.26,3075,0
101,2022,288,1900,0,9702,13.19,3075,0
101,2022,288,2000,0,9702,13.17,3075,0
101,2022,288,2100,0,9702,13.16,3075,0
101,2022,288,2200,0,9702,13.16,3075,0
101,2022,288,2300,0,9702,13.16,3075,0
101,2022,289,000,0,9702,13.15,3075,0
101,2022,289,100,0,9702,13.15,3075,0
101,2022,289,200,0,9702,13.15,3075,0
101,2022,289,300,0,9702,13.15,3075,0
101,2022,289,400,0,9702,13.15,3075,0
101,2022,289,500,0,9702,13.09,3075,0
101,2022,289,600,0,9702,13.08,3075,0
101,2022,289,700,0,9702,13.12,3075,0
101,2022,289,800,0,9702,13.3,3075,0
101,2022,289,900,0,9702,13.61,3075,0
101,2022,289,1000,0,9702,14.05,3075,0
101,2022,289,1100,0,9702,14,3075,0
101,2022,289,1200,0,9702,13.4,3075,0
101,2022,289,1300,0,9702,13.36,3075,0
101,2022,289,1400,0,9702,13.36,3075,0
101,2022,289,1500,0,9702,13.36,3075,0
101,2022,289,1600,0,9702,13.32,3075,0
101,2022,289,1700,0,9702,13.26,3075,0
101,2022,289,1800,0,9702,13.2,3075,0
101,2022,289,1900,0,9702,13.17,3075,0
101,2022,289,2000,0,9702,13.16,3075,0
101,2022,289,2100,0,9702,13.16,3075,0
101,2022,289,2200,0,9702,13.15,3075,0
101,2022,289,2300,0,9702,13.15,3075,0
101,2022,290,000,0,9702,13.15,3075,0
101,2022,290,100,0,9702,13.15,3075,0
101,2022,290,200,0,9702,13.14,3075,0
101,2022,290,300,0,9702,13.14,3075,0
101,2022,290,400,0,9702,13.14,3075,0
101,2022,290,500,0,9702,13.08,3075,0
101,2022,290,600,0,9702,13.08,3075,0
101,2022,290,700,0,9702,13.11,3075,0
101,2022,290,800,0,9702,13.29,3075,0
101,2022,290,900,0,9702,13.51,3075,0
101,2022,290,1000,0,9702,14.05,3075,0
101,2022,290,1100,0,9702,14.05,3075,0
101,2022,290,1200,0,9702,13.47,3075,0
101,2022,290,1300,0,9702,13.36,3075,0
101,2022,290,1400,0,9702,13.36,3075,0
101,2022,290,1500,0,9702,13.36,3075,0
101,2022,290,1600,0,9702,13.36,3075,0
101,2022,290,1700,0,9702,13.36,3075,0
101,2022,290,1800,0,9702,13.25,3075,0
101,2022,290,1900,0,9702,13.19,3075,0
101,2022,290,2000,0,9702,13.17,3075,0
101,2022,290,2100,0,9702,13.16,3075,0
101,2022,290,2200,0,9702,13.16,3075,0
101,2022,290,2300,0,9702,13.16,3075,0
101,2022,291,000,0,9702,13.15,3075,0
101,2022,291,100,0,9702,13.15,3075,0
101,2022,291,200,0,9702,13.15,3075,0
101,2022,291,300,0,9702,13.14,3075,0
101,2022,291,400,0,9702,13.14,3075,0
101,2022,291,500,0,9702,13.08,3075,0
101,2022,291,600,0,9702,13.07,3075,0
101,2022,291,700,0,9702,13.11,3075,0
101,2022,291,800,0,9702,13.3,3075,0
101,2022,291,900,0,9702,13.62,3075,0
101,2022,291,1000,0,9702,14.05,3075,0
101,2022,291,1100,0,9702,14,3075,0
101,2022,291,1200,0,9702,13.4,3075,0
101,2022,291,1300,0,9702,13.36,3075,0
101,2022,291,1400,0,9702,13.36,3075,0
101,2022,291,1500,0,9702,13.36,3075,0
101,2022,291,1600,0,9702,13.36,3075,0
101,2022,291,1700,0,9702,13.36,3075,0
101,2022,291,1800,0,9702,13.25,3075,0
101,2022,291,1900,0,9702,13.19,3075,0
101,2022,291,2000,0,9702,13.17,3075,0
101,2022,291,2100,0,9702,13.16,3075,0
101,2022,291,2200,0,9702,13.16,3075,0
101,2022,291,2300,0,9702,13.15,3075,0
101,2022,292,000,0,9702,13.15,3075,0
101,2022,292,100,0,9702,13.14,3075,0
101,2022,292,200,0,9702,13.15,3075,0
101,2022,292,300,0,9702,13.14,3075,0
101,2022,292,400,0,9702,13.14,3075,0
101,2022,292,500,0,9702,13.08,3075,0
101,2022,292,600,0,9702,13.07,3075,0
101,2022,292,700,0,9702,13.11,3075,0
101,2022,292,800,0,9702,13.31,3075,0
101,2022,292,900,0,9702,13.55,3075,0
101,2022,292,1000,0,9702,14.05,3075,0
101,2022,292,1100,0,9702,14.03,3075,0
101,2022,292,1200,0,9702,13.43,3075,0
101,2022,292,1300,0,9702,13.36,3075,0
101,2022,292,1400,0,9702,13.36,3075,0
101,2022,292,1500,0,9702,13.36,3075,0
101,2022,292,1600,0,9702,13.36,3075,11
101,2022,292,1700,0,9702,13.35,3075,33
101,2022,292,1800,0,9702,13.24,3075,12
101,2022,292,1900,0,9702,13.18,3075,11
101,2022,292,2000,0,9702,13.17,3075,9
101,2022,292,2100,0,9702,13.16,3075,0
101,2022,292,2200,0,9702,13.16,3075,0
101,2022,292,2300,0,9702,13.15,3075,0
101,2022,293,000,0,9702,13.15,3075,0
101,2022,293,100,0,9702,13.15,3075,0
101,2022,293,200,0,9702,13.14,3075,0
101,2022,293,300,0,9702,13.14,3075,0
101,2022,293,400,0,9702,13.14,3075,0
101,2022,293,500,0,9702,13.08,3075,0
101,2022,293,600,0,9702,13.07,3075,0
101,2022,293,700,0,9702,13.08,3075,0
101,2022,293,800,0,9702,13.21,3075,0
101,2022,293,900,0,9702,13.36,3075,0
101,2022,293,1000,0,9702,13.86,3075,0
101,2022,293,1100,0,9702,14.05,3075,0
101,2022,293,1200,0,9702,13.76,3075,0
101,2022,293,1300,0,9702,13.36,3075,0
101,2022,293,1400,0,9702,13.36,3075,0
101,2022,293,1500,0,9702,13.36,3075,0
101,2022,293,1600,0,9702,13.35,3075,0
101,2022,293,1700,0,9702,13.36,3075,0
101,2022,293,1800,0,9702,13.24,3075,0
101,2022,293,1900,0,9702,13.19,3075,0
101,2022,293,2000,0,9702,13.16,3075,0
101,2022,293,2100,0,9702,13.16,3075,0
101,2022,293,2200,0,9702,13.16,3075,0
101,2022,293,2300,0,9702,13.15,3075,0
101,2022,294,000,0,9702,13.15,3075,0